--------------------------------------------------------------------------------------------------------------
Scheduler        Load   Win Seeds   Mean(ms)    ±CI     P50     P90     P99    ±CI     P999  Tput(Mbps)    ±CI
--------------------------------------------------------------------------------------------------------------
  [ Window = 100 ms ]
Adaptive OA        80   100     3      0.242  0.000   0.231   0.374   0.530  0.001    0.662        80.0    0.0
Adaptive OA       310   100     3      0.503  0.000   0.490   0.647   0.931  0.003    1.186       320.0    0.0
Adaptive OA       390   100     3      0.721  0.000   0.703   0.887   1.291  0.008    1.661       400.0    0.0
Adaptive OA       450   100     3      1.250  0.039   1.185   1.582   2.778  1.230    4.448       470.6    0.0
Adaptive OA       600   100     3      7.331  0.006   8.629   9.024   9.303  0.030   10.961       478.6    0.1
Adaptive OA       700   100     3      7.405  0.007   8.719   9.125   9.402  0.011   10.201       478.6    0.2
MCAB               80   100     3      0.261  0.001   0.249   0.425   0.582  0.004    0.739        80.0    0.0
MCAB              310   100     3     13.489  0.034   0.438  33.619  34.190  0.008   34.565       263.1    0.2
MCAB              390   100     3     13.584  0.029   0.482  34.043  34.655  0.017   35.017       265.8    0.5
MCAB              450   100     3     13.585  0.028   0.516  34.230  34.862  0.021   35.242       267.5    0.5
MCAB              600   100     3     13.558  0.012   0.557  34.408  35.040  0.010   35.409       269.8    0.2
MCAB              700   100     3     13.521  0.019   0.567  34.482  35.120  0.002   35.518       271.2    0.4
MLO-STR            80   100     3      0.186  0.000   0.178   0.265   0.326  0.001    0.374        80.0    0.0
MLO-STR           310   100     3      0.719  0.001   0.623   1.181   1.560  0.006    1.832       320.0    0.0
MLO-STR           390   100     3      1.200  0.004   1.032   2.032   2.705  0.008    3.137       400.0    0.0
MLO-STR           450   100     3      2.241  0.020   2.012   3.749   4.516  0.005    4.745       470.5    0.0
MLO-STR           600   100     3      8.284  0.001   8.351   9.658  10.256  0.002   10.494       494.9    0.0
MLO-STR           700   100     3      8.382  0.002   8.497   9.748  10.346  0.005   10.580       494.8    0.1

  [ Window = 125 ms ]
Adaptive OA        80   125     3      0.242  0.001   0.232   0.373   0.528  0.001    0.665        80.0    0.0
Adaptive OA       310   125     3      0.503  0.000   0.490   0.647   0.929  0.003    1.179       320.0    0.0
Adaptive OA       390   125     3      0.720  0.000   0.702   0.887   1.289  0.009    1.647       400.0    0.0
Adaptive OA       450   125     3      1.244  0.022   1.185   1.584   2.428  0.610    4.539       470.6    0.0
Adaptive OA       600   125     3      7.333  0.009   8.629   9.027   9.318  0.024   10.098       478.5    0.3
Adaptive OA       700   125     3      7.405  0.007   8.720   9.122   9.385  0.010    9.594       478.6    0.3
MCAB               80   125     3      0.261  0.001   0.249   0.424   0.582  0.002    0.739        80.0    0.0
MCAB              310   125     3     13.485  0.030   0.438  33.614  34.186  0.008   34.567       263.2    0.3
MCAB              390   125     3     13.577  0.024   0.482  34.042  34.653  0.010   35.023       265.9    0.4
MCAB              450   125     3     13.591  0.020   0.515  34.228  34.853  0.007   35.241       267.4    0.4
MCAB              600   125     3     13.551  0.013   0.558  34.411  35.040  0.029   35.417       269.9    0.2
MCAB              700   125     3     13.524  0.024   0.567  34.482  35.123  0.008   35.501       271.1    0.5
MLO-STR            80   125     3      0.186  0.000   0.178   0.265   0.326  0.001    0.374        80.0    0.0
MLO-STR           310   125     3      0.719  0.001   0.623   1.181   1.560  0.006    1.832       320.0    0.0
MLO-STR           390   125     3      1.200  0.004   1.032   2.032   2.705  0.008    3.137       400.0    0.0
MLO-STR           450   125     3      2.241  0.020   2.012   3.749   4.516  0.005    4.745       470.5    0.0
MLO-STR           600   125     3      8.284  0.001   8.351   9.658  10.256  0.002   10.494       494.9    0.0
MLO-STR           700   125     3      8.382  0.002   8.497   9.748  10.346  0.005   10.580       494.8    0.1

  [ Window = 250 ms ]
Adaptive OA        80   250     3      0.241  0.000   0.231   0.373   0.526  0.002    0.657        80.0    0.0
Adaptive OA       310   250     3      0.503  0.000   0.490   0.647   0.926  0.004    1.175       320.0    0.0
Adaptive OA       390   250     3      0.720  0.001   0.703   0.887   1.283  0.010    1.634       400.0    0.0
Adaptive OA       450   250     3      1.246  0.044   1.186   1.584   2.648  1.085    3.565       470.6    0.0
Adaptive OA       600   250     3      7.332  0.013   8.623   9.021   9.291  0.013    9.473       478.7    0.5
Adaptive OA       700   250     3      7.403  0.007   8.713   9.113   9.376  0.010    9.579       478.8    0.3
MCAB               80   250     3      0.261  0.001   0.249   0.425   0.580  0.002    0.742        80.0    0.0
MCAB              310   250     4     13.468  0.019   0.438  33.621  34.197  0.005   34.581       263.2    0.2
MCAB              390   250     3     13.584  0.024   0.482  34.049  34.664  0.010   35.042       265.8    0.4
MCAB              450   250     3     13.581  0.046   0.516  34.224  34.840  0.007   35.208       267.6    0.9
MCAB              600   250     3     13.556  0.017   0.556  34.402  35.018  0.017   35.386       269.8    0.3
MCAB              700   250     3     13.535  0.022   0.567  34.492  35.116  0.018   35.490       270.9    0.4
MLO-STR            80   250     3      0.186  0.000   0.178   0.265   0.326  0.001    0.374        80.0    0.0
MLO-STR           310   250     3      0.719  0.001   0.623   1.181   1.560  0.006    1.832       320.0    0.0
MLO-STR           390   250     3      1.200  0.004   1.032   2.032   2.705  0.008    3.137       400.0    0.0
MLO-STR           450   250     3      2.241  0.020   2.012   3.749   4.516  0.005    4.745       470.5    0.0
MLO-STR           600   250     3      8.284  0.001   8.351   9.658  10.256  0.002   10.494       494.9    0.0
MLO-STR           700   250     3      8.382  0.002   8.497   9.748  10.346  0.005   10.580       494.8    0.1
--------------------------------------------------------------------------------------------------------------
